Tamaño	Time	Avr. OB	Min OB	Max OB
250	1.366000E-05	7	1	8
275	4.760000E-06	7	1	9
300	2.375333E-05	7	1	9
325	4.381538E-06	7	1	9
350	4.205714E-06	8	1	9
375	4.304000E-06	8	1	9
400	4.315000E-06	8	1	9
425	4.978824E-06	8	1	9
450	4.504444E-06	8	1	9
475	4.425263E-06	8	1	9
500	4.460000E-06	8	1	9
525	4.582857E-06	8	1	10
550	5.347273E-06	8	1	10
575	5.775652E-06	8	1	10
600	5.440000E-06	8	1	10
625	5.246400E-06	8	1	10
650	4.660000E-06	8	1	10
675	5.351111E-06	8	1	10
700	4.881429E-06	9	1	10
725	4.772414E-06	9	1	10
750	5.380000E-06	9	1	10
775	5.437419E-06	9	1	10
800	4.783750E-06	9	1	10
825	4.854545E-06	9	1	10
850	4.805882E-06	9	1	10
875	5.062857E-06	9	1	10
900	4.852222E-06	9	1	10
925	5.230270E-06	9	1	10
950	5.404211E-06	9	1	10
975	5.407179E-06	9	1	10
1000	5.468000E-06	9	1	10
1025	4.829268E-06	9	1	11
1050	5.474286E-06	9	1	11
1075	5.126512E-06	9	1	11
1100	5.613636E-06	9	1	11
1125	5.117333E-06	9	1	11
1150	4.991304E-06	9	1	11
1175	5.567660E-06	9	1	11
1200	5.190833E-06	9	1	11
1225	5.137143E-06	9	1	11
1250	5.390400E-06	9	1	11
1275	5.130196E-06	9	1	11
1300	5.235385E-06	9	1	11
1325	5.408302E-06	9	1	11
1350	5.515556E-06	9	1	11
1375	4.864000E-06	10	1	11
1400	5.117143E-06	10	1	11
1425	5.037193E-06	10	1	11
1450	5.731724E-06	10	1	11
1475	5.387119E-06	10	1	11
1500	4.932667E-06	10	1	11
1525	5.618361E-06	10	1	11
1550	5.545806E-06	10	1	11
1575	4.915556E-06	10	1	11
1600	4.943750E-06	10	1	11
1625	5.104615E-06	10	1	11
1650	5.617576E-06	10	1	11
1675	4.925373E-06	10	1	11
1700	4.851176E-06	10	1	11
1725	5.222029E-06	10	1	11
1750	5.089143E-06	10	1	11
1775	4.877746E-06	10	1	11
1800	4.921111E-06	10	1	11
1825	5.067945E-06	10	1	11
1850	4.895676E-06	10	1	11
1875	4.884267E-06	10	1	11
1900	4.872632E-06	10	1	11
1925	5.219740E-06	10	1	11
1950	5.693333E-06	10	1	11
1975	4.898734E-06	10	1	11
2000	4.872500E-06	10	1	11
2025	5.074568E-06	10	1	11
2050	4.881951E-06	10	1	12
2075	4.867952E-06	10	1	12
2100	4.926667E-06	10	1	12
2125	4.950118E-06	10	1	12
2150	4.998140E-06	10	1	12
2175	4.908506E-06	10	1	12
2200	4.937727E-06	10	1	12
2225	5.008090E-06	10	1	12
2250	4.920889E-06	10	1	12
2275	4.962198E-06	10	1	12
2300	4.995217E-06	10	1	12
2325	4.992258E-06	10	1	12
2350	4.981277E-06	10	1	12
2375	5.629474E-06	10	1	12
2400	5.006250E-06	10	1	12
2425	5.038351E-06	10	1	12
2450	5.013061E-06	10	1	12
2475	4.993535E-06	10	1	12
2500	5.006000E-06	10	1	12
2525	5.040792E-06	10	1	12
2550	5.044706E-06	10	1	12
2575	5.077670E-06	10	1	12
2600	5.059615E-06	10	1	12
2625	5.030095E-06	10	1	12
2650	5.041132E-06	10	1	12
2675	5.467290E-06	10	1	12
2700	5.065556E-06	10	1	12
2725	5.075596E-06	11	1	12
2750	5.090909E-06	11	1	12
2775	5.077477E-06	11	1	12
2800	5.098571E-06	11	1	12
2825	5.098053E-06	11	1	12
2850	5.106316E-06	11	1	12
2875	5.110957E-06	11	1	12
2900	5.102759E-06	11	1	12
2925	5.116923E-06	11	1	12
2950	5.587119E-06	11	1	12
2975	5.117647E-06	11	1	12
3000	5.208667E-06	11	1	12
3025	5.233058E-06	11	1	12
3050	5.142295E-06	11	1	12
3075	5.143415E-06	11	1	12
3100	5.184516E-06	11	1	12
3125	5.230080E-06	11	1	12
3150	5.143175E-06	11	1	12
3175	5.193386E-06	11	1	12
3200	5.200000E-06	11	1	12
3225	5.277209E-06	11	1	12
3250	5.180308E-06	11	1	12
3275	5.157252E-06	11	1	12
3300	5.192727E-06	11	1	12
3325	5.159398E-06	11	1	12
3350	5.222687E-06	11	1	12
3375	5.193185E-06	11	1	12
3400	5.196765E-06	11	1	12
3425	5.220146E-06	11	1	12
3450	5.158551E-06	11	1	12
3475	5.171511E-06	11	1	12
3500	5.202571E-06	11	1	12
3525	5.207660E-06	11	1	12
3550	5.229577E-06	11	1	12
3575	5.263497E-06	11	1	12
3600	5.193056E-06	11	1	12
3625	5.276690E-06	11	1	12
3650	5.214795E-06	11	1	12
3675	5.188027E-06	11	1	12
3700	5.401892E-06	11	1	12
3725	5.608859E-06	11	1	12
3750	5.211467E-06	11	1	12
3775	5.206623E-06	11	1	12
3800	5.218158E-06	11	1	12
3825	5.217255E-06	11	1	12
3850	5.228052E-06	11	1	12
3875	5.212129E-06	11	1	12
3900	5.676410E-06	11	1	12
3925	5.223694E-06	11	1	12
3950	5.221519E-06	11	1	12
3975	5.249308E-06	11	1	12
4000	5.242250E-06	11	1	12
4025	5.281988E-06	11	1	12
4050	5.229877E-06	11	1	12
4075	5.258650E-06	11	1	12
4100	5.253902E-06	11	1	13
4125	5.285333E-06	11	1	13
4150	5.250843E-06	11	1	13
4175	5.297006E-06	11	1	13
4200	5.272857E-06	11	1	13
4225	5.333728E-06	11	1	13
4250	5.253882E-06	11	1	13
4275	5.274620E-06	11	1	13
4300	5.511163E-06	11	1	13
4325	5.342428E-06	11	1	13
4350	5.346897E-06	11	1	13
4375	5.286171E-06	11	1	13
4400	5.305455E-06	11	1	13
4425	5.333559E-06	11	1	13
4450	5.308539E-06	11	1	13
4475	5.314860E-06	11	1	13
4500	5.308000E-06	11	1	13
4525	5.325746E-06	11	1	13
4550	5.307912E-06	11	1	13
4575	5.348415E-06	11	1	13
4600	5.332174E-06	11	1	13
4625	5.327568E-06	11	1	13
4650	5.372043E-06	11	1	13
4675	5.363850E-06	11	1	13
4700	5.342979E-06	11	1	13
4725	5.398307E-06	11	1	13
4750	5.834526E-06	11	1	13
4775	5.334031E-06	11	1	13
4800	5.396042E-06	11	1	13
4825	5.370363E-06	11	1	13
4850	5.458557E-06	11	1	13
4875	5.359590E-06	11	1	13
4900	5.355510E-06	11	1	13
4925	5.409543E-06	11	1	13
4950	5.575758E-06	11	1	13
4975	5.361407E-06	11	1	13
5000	5.364000E-06	11	1	13
5025	5.371144E-06	11	1	13
5050	5.394059E-06	11	1	13
5075	5.386010E-06	11	1	13
5100	5.415882E-06	11	1	13
5125	5.391220E-06	11	1	13
5150	5.469903E-06	11	1	13
5175	5.443865E-06	11	1	13
5200	5.385000E-06	11	1	13
5225	5.406699E-06	11	1	13
5250	5.421905E-06	11	1	13
5275	5.424265E-06	11	1	13
5300	5.476038E-06	11	1	13
5325	5.423099E-06	11	1	13
5350	5.410654E-06	11	1	13
5375	5.486884E-06	11	1	13
5400	5.425556E-06	11	1	13
5425	5.425069E-06	11	1	13
5450	5.705321E-06	11	1	13
5475	5.437078E-06	12	1	13
5500	5.470000E-06	12	1	13
5525	5.465882E-06	12	1	13
5550	5.515495E-06	12	1	13
5575	5.477130E-06	12	1	13
5600	5.476429E-06	12	1	13
5625	5.482311E-06	12	1	13
5650	5.443186E-06	12	1	13
5675	5.464670E-06	12	1	13
5700	5.477895E-06	12	1	13
5725	5.489432E-06	12	1	13
5750	5.460870E-06	12	1	13
5775	5.476710E-06	12	1	13
5800	5.513621E-06	12	1	13
5825	5.516052E-06	12	1	13
5850	5.494359E-06	12	1	13
5875	5.491404E-06	12	1	13
5900	5.506610E-06	12	1	13
5925	5.530970E-06	12	1	13
5950	5.483697E-06	12	1	13
5975	5.505774E-06	12	1	13
6000	5.502167E-06	12	1	13
6025	5.471701E-06	12	1	13
6050	5.548595E-06	12	1	13
6075	5.507325E-06	12	1	13
6100	5.535410E-06	12	1	13
6125	5.502694E-06	12	1	13
6150	5.486504E-06	12	1	13
6175	5.542024E-06	12	1	13
6200	5.565968E-06	12	1	13
6225	5.945221E-06	12	1	13
6250	5.560800E-06	12	1	13
6275	5.495458E-06	12	1	13
6300	5.513968E-06	12	1	13
6325	5.494071E-06	12	1	13
6350	5.507402E-06	12	1	13
6375	5.497098E-06	12	1	13
6400	5.585000E-06	12	1	13
6425	5.515331E-06	12	1	13
6450	5.513643E-06	12	1	13
6475	5.502703E-06	12	1	13
6500	5.526923E-06	12	1	13
6525	5.517548E-06	12	1	13
6550	5.509160E-06	12	1	13
6575	5.601673E-06	12	1	13
6600	5.517121E-06	12	1	13
6625	5.537057E-06	12	1	13
6650	5.725564E-06	12	1	13
6675	5.609888E-06	12	1	13
6700	5.522687E-06	12	1	13
6725	5.569517E-06	12	1	13
6750	5.545630E-06	12	1	13
6775	5.603100E-06	12	1	13
6800	5.542059E-06	12	1	13
6825	5.593700E-06	12	1	13
6850	5.598540E-06	12	1	13
6875	5.570473E-06	12	1	13
6900	5.586957E-06	12	1	13
6925	5.547726E-06	12	1	13
6950	5.603597E-06	12	1	13
6975	5.574910E-06	12	1	13
7000	5.578714E-06	12	1	13
7025	5.624769E-06	12	1	13
7050	5.548936E-06	12	1	13
7075	5.550671E-06	12	1	13
7100	5.726338E-06	12	1	13
7125	5.563649E-06	12	1	13
7150	5.568951E-06	12	1	13
7175	5.581603E-06	12	1	13
7200	5.581111E-06	12	1	13
7225	5.682076E-06	12	1	13
7250	5.565655E-06	12	1	13
7275	5.614296E-06	12	1	13
7300	5.563151E-06	12	1	13
7325	5.571331E-06	12	1	13
7350	5.557415E-06	12	1	13
7375	5.597017E-06	12	1	13
7400	5.584324E-06	12	1	13
7425	5.628148E-06	12	1	13
7450	5.957852E-06	12	1	13
7475	5.561873E-06	12	1	13
7500	5.626133E-06	12	1	13
7525	5.614086E-06	12	1	13
7550	5.662517E-06	12	1	13
7575	5.567525E-06	12	1	13
7600	5.595000E-06	12	1	13
7625	5.607869E-06	12	1	13
7650	5.606797E-06	12	1	13
7675	5.597003E-06	12	1	13
7700	5.604156E-06	12	1	13
7725	5.604790E-06	12	1	13
7750	5.610968E-06	12	1	13
7775	5.607074E-06	12	1	13
7800	5.606923E-06	12	1	13
7825	5.611629E-06	12	1	13
7850	5.599618E-06	12	1	13
7875	5.593905E-06	12	1	13
7900	5.758228E-06	12	1	13
7925	5.598612E-06	12	1	13
7950	5.668679E-06	12	1	13
7975	5.655925E-06	12	1	13
8000	5.619000E-06	12	1	13
8025	5.624174E-06	12	1	13
8050	5.658012E-06	12	1	13
8075	5.608050E-06	12	1	13
8100	5.619012E-06	12	1	13
8125	5.940800E-06	12	1	13
8150	5.599018E-06	12	1	13
8175	5.615291E-06	12	1	13
8200	5.640244E-06	12	1	14
8225	5.693982E-06	12	1	14
8250	5.606182E-06	12	1	14
8275	5.623202E-06	12	1	14
8300	5.629518E-06	12	1	14
8325	5.623784E-06	12	1	14
8350	5.643952E-06	12	1	14
8375	5.864000E-06	12	1	14
8400	5.619762E-06	12	1	14
8425	5.628843E-06	12	1	14
8450	5.642012E-06	12	1	14
8475	5.640472E-06	12	1	14
8500	5.632000E-06	12	1	14
8525	5.702757E-06	12	1	14
8550	5.639532E-06	12	1	14
8575	5.672536E-06	12	1	14
8600	5.649651E-06	12	1	14
8625	5.665971E-06	12	1	14
8650	5.658035E-06	12	1	14
8675	5.673199E-06	12	1	14
8700	5.691494E-06	12	1	14
8725	5.807106E-06	12	1	14
8750	5.676914E-06	12	1	14
8775	5.665641E-06	12	1	14
8800	5.651023E-06	12	1	14
8825	5.664703E-06	12	1	14
8850	5.675028E-06	12	1	14
8875	5.659718E-06	12	1	14
8900	5.680337E-06	12	1	14
8925	5.662185E-06	12	1	14
8950	5.677654E-06	12	1	14
8975	5.691253E-06	12	1	14
9000	5.728000E-06	12	1	14
9025	5.683657E-06	12	1	14
9050	5.719116E-06	12	1	14
9075	5.683085E-06	12	1	14
9100	5.695165E-06	12	1	14
9125	5.708932E-06	12	1	14
9150	5.686776E-06	12	1	14
9175	5.703978E-06	12	1	14
9200	5.693696E-06	12	1	14
9225	5.753930E-06	12	1	14
9250	5.709081E-06	12	1	14
9275	5.714717E-06	12	1	14
9300	5.720323E-06	12	1	14
9325	5.725362E-06	12	1	14
9350	5.714545E-06	12	1	14
9375	5.713600E-06	12	1	14
9400	5.701383E-06	12	1	14
9425	5.724456E-06	12	1	14
9450	5.763280E-06	12	1	14
9475	6.029235E-06	12	1	14
9500	5.696000E-06	12	1	14
9525	5.716325E-06	12	1	14
9550	5.733194E-06	12	1	14
9575	5.704439E-06	12	1	14
9600	5.731771E-06	12	1	14
9625	5.732156E-06	12	1	14
9650	5.763420E-06	12	1	14
9675	5.734160E-06	12	1	14
9700	5.745979E-06	12	1	14
9725	5.740463E-06	12	1	14
9750	5.727282E-06	12	1	14
9775	5.731049E-06	12	1	14
9800	5.776122E-06	12	1	14
9825	5.778830E-06	12	1	14
9850	5.847411E-06	12	1	14
9875	5.818937E-06	12	1	14
9900	5.777980E-06	12	1	14
9925	5.751134E-06	12	1	14
9950	5.762814E-06	12	1	14
9975	5.754486E-06	12	1	14
10000	5.738800E-06	12	1	14
